0000000000000000000000000000010000000000000000000000000000000111
0000000000000000000000010100000010001010000000000010010010000100
0000000000000000000000010000010000000000000000000000000000000000
0000000000000000000000010100000010000010000000000000000000001011
0000000000000000000000000100010000000000000000000000000000000001
0000000000000000000000010100000010000001000000000000000000000001
0000000000000000000000010100000010001010000000000010010010100110
0000000000000000000000010100000010001010000000000000100010100110
0000000000000000000000010100000010001010000000000010010011000001
0000000000000000000000010100000000100101000000100000000000000000
0000000000000000000000010100000010001010000000000010010011000010
0000000000000000000000000000010100000000000000000000000000000001
0000000000000000000000010100000010001010000000000010010010100100
0000000000000000000000010100000010001010000000000010010011000001